100033411
100128108
100128124
100128242
100128496
100129083
100129094
100129307
100129396
100129484
100129697
100129836
100129940
100130357
100130370
100130449
100130451
100130520
100130880
100130967
100131094
100131107
100132285
100132813
100132911
100133204
100133220
100133301
100134391
100144595
100151643
100287036
100287896
100288966
100289561
100293534
100302652
100302736
100462981
100463487
100505385
100505549
100505679
100505767
100505841
100506115
100506388
100506422
100506650
100507507
100507527
100507537
100510707
100526664
100526693
100526694
100526737
100526739
100526740
100526760
100526761
100526767
100526772
100526773
100526783
100526794
100526832
100526835
100526842
100527943
100527949
100527963
100527978
100528017
100528021
100528030
100528032
100528064
100529063
100529097
100529144
100529215
100529239
100529240
100529241
100529251
100529257
100529261
100532726
100532731
100532736
100533106
100533181
100533183
100533467
100533496
100533952
100533997
100534012
100534592
100534599
100631383
100861507
100861540
100874261
100885850
100913187
100996259
100996485
100996693
100996721
100996746
100996842
100996928
101059915
101927322
101927503
101927572
101927655
101927844
101928093
101928120
101928436
101928638
101928841
101928991
101929372
102723360
102723996
102724231
102724265
102724279
102724951
102724957
102725023
102800317
103344718
10408
104909134
105371346
105372977
105372978
105374250
105375787
105376731
105377372
105378696
106707243
106821730
106865373
107080644
107282092
107303344
107984974
109504726
110091775
110117498
110117499
11026
110384692
110599563
110599583
111089941
111188157
111240474
11223
112577516
119385
124923
128826
138652
145781
145858
146723
149373
150051
152118
154907
157927
158055
170067
196415
202658
219595
220158
220979
221060
23520
2576
2577
25775
2578
259291
26025
260334
26167
26492
283171
283403
283710
284756
284898
285668
285941
286749
2952
29798
29930
3125
3126
339862
340441
343505
348645
348738
353515
3803
3806
3808
3810
3813
387522
388276
388282
388289
388372
388407
388507
388524
388692
388759
388780
388813
389199
389602
389676
389831
389895
389903
390877
391322
391769
392490
399948
400165
400359
400591
400658
400736
401335
401478
401535
401563
403312
404734
407977
408029
414061
4207
440353
440686
441155
441452
441490
442179
445347
445372
445815
494514
504189
504190
504191
5098
542767
54575
54576
54577
54578
54579
54600
54657
54658
54659
552891
553128
553158
56097
56098
56099
56100
56101
56102
56103
56104
56105
56106
56107
56108
56109
56110
56111
56112
56113
56114
56121
56122
56123
56124
56125
56126
56127
56128
56129
56130
56131
56132
56133
56134
56135
56136
56137
56138
56139
56140
56141
56142
56143
56144
56145
56146
56147
57292
574537
57717
606553
641517
643365
643479
643802
643911
644090
644634
644809
645078
645177
645188
645922
645961
646915
653606
653659
654364
692312
723961
727684
728392
728485
728635
728841
729159
729220
729420
729574
729978
730098
730183
730394
732253
7608
79999
80099
84322
85316
85319
8641
8681
90625
927
9708
9752
