100126447
100128108
100128124
100128496
100128988
100129083
100129094
100129216
100129239
100129307
100129697
100129836
100129924
100129940
100130357
100130370
100130451
100130520
100130705
100130880
100130967
100131094
100131107
100131303
100131539
100132146
100132285
100132403
100132813
100132911
100133220
100133267
100134391
100144595
100271846
100287036
100287896
100288413
100288524
100288966
100289187
100289561
100293534
100302652
100302736
100329135
100462981
100463487
100505385
100505478
100505549
100505741
100505841
100506115
100506127
100506388
100506422
100506650
100507507
100507527
100526664
100526693
100526694
100526737
100526739
100526740
100526760
100526761
100526767
100526772
100526773
100526783
100526794
100526835
100526842
100527943
100527949
100527963
100527978
100528017
100528021
100528030
100528064
100529063
100529097
100529144
100529215
100529239
100529240
100529241
100529251
100529257
100529261
100532726
100532731
100532736
100533105
100533106
100533181
100533183
100533467
100533496
100533952
100534012
100534592
100534599
100631383
100861437
100861519
100861540
100873985
100885850
100913187
100996485
100996634
100996693
100996758
100996842
100996928
101059915
101060389
101927322
101927503
101927572
101927655
101927844
101928093
101928120
101928436
101928841
101928917
101929372
101929726
101929926
102723360
102724265
102724279
102724428
102724652
102724951
102724957
10307
103344718
10408
104909134
105372280
105372977
105374250
105375396
105375787
105376731
106707243
106821730
106865373
107080638
107080644
107181291
107282092
107303344
107984640
11026
11223
112812
119385
124923
128826
133874
140606
145781
145858
146723
147664
149373
150051
150786
152118
154907
157285
157927
158055
162083
170067
170393
196415
200726
201254
202658
2086
220158
220979
221060
23520
2576
2577
25775
2578
26025
26167
27065
283080
283171
283403
283710
284618
284756
284898
285311
285668
285679
285941
286122
286238
286749
2952
29798
29930
3125
3126
339862
339883
340441
343505
348303
348645
348738
353515
360226
3803
3806
3808
3810
3813
387522
388276
388282
388289
388327
388372
388407
388667
388759
388780
388813
389199
389602
389676
389831
389895
389903
390877
391322
392490
399948
400165
400360
400591
400658
400736
401052
401335
401535
401563
401720
403312
404734
405754
407977
408029
4104
414061
414236
414318
4207
440044
441155
441452
441490
445347
445372
445815
494514
504189
504191
50810
5098
51617
51714
51776
542767
54575
54576
54577
54578
54579
54600
54657
54658
54659
552891
553128
553158
56097
56098
56099
56100
56101
56102
56103
56104
56105
56106
56107
56108
56109
56110
56111
56112
56113
56114
56121
56122
56123
56124
56125
56126
56127
56128
56129
56130
56131
56132
56133
56134
56135
56136
56137
56138
56139
56140
56141
56142
56143
56144
56145
56146
56147
56967
57292
574537
57717
58515
613037
642587
643037
643355
643365
643802
643911
644809
645177
645188
645382
645961
646915
650293
653192
653602
653606
654364
692312
723961
727684
728262
728392
728485
728635
729159
729220
730098
730159
730183
79946
79999
80099
81691
83642
84451
84717
85316
85319
8641
8681
90625
9403
9708
9752
